--- !pf.ConfigTypeB
id: N3Dmean_buffer10km_Q_ER_50m
modelling_code_id: qseis.2006a
earthmodel_1d: |2
# Model corresponds to the DGM model provided by Jesper Spetzler
# Depth	Vp	Vs
        0    1.76799    0.374575
        20    1.77375    0.375795
        40    1.77951    0.377015
        60    1.78527    0.378236
        80    1.79103    0.379456
        100    1.79679    0.380676
        120    1.80255    0.381897
        140    1.80831    0.383117
        160    1.81407    0.384337
        180    1.81983    0.385558
        200    1.82559    0.386778
        220    1.83135    0.387998
        240    1.83711    0.389219
        260    1.84287    0.390439
        280    1.84863    0.391659
        300    1.85439    0.39288
        320    1.86015    0.3941
        340    1.86591    0.39532
        360    1.87167    0.396541
        380    1.87743    0.397761
        400    1.82117    0.569116
        420    1.82693    0.570916
        440    1.83269    0.572716
        460    1.83845    0.574516
        480    1.84421    0.576316
        500    1.84997    0.578116
        520    2.6217    1.16922
        540    2.63934    1.17988
        560    2.65698    1.19054
        580    2.67462    1.20121
        600    2.69226    1.21187
        620    2.7099    1.22253
        640    2.72754    1.2332
        660    2.74518    1.24386
        680    2.76282    1.25453
        700    2.78046    1.26519
        720    2.7981    1.27585
        740    2.81574    1.28652
        760    2.83338    1.29718
        780    2.85102    1.30784
        800    2.86866    1.31851
        820    2.8863    1.32917
        840    2.68793    1.20925
        860    2.69777    1.2152
        880    2.70761    1.22115
        900    2.71745    1.2271
        920    2.72729    1.23304
        940    2.73713    1.23899
        960    2.74697    1.24494
        980    2.75681    1.25089
        1000    2.76665    1.25684
        1020    2.77649    1.26279
        1040    2.78633    1.26873
        1060    2.79617    1.27468
        1080    2.80601    1.28063
        1100    2.81585    1.28658
        1120    2.82569    1.29253
        1140    2.83553    1.29848
        1160    2.84537    1.30442
        1180    2.85521    1.31037
        1200    2.86505    1.31632
        1220    2.87489    1.32227
        1240    2.88473    1.32822
        1260    2.89457    1.33417
        1280    2.90441    1.34011
        1300    2.91425    1.34606
        1320    2.92409    1.35201
        1340    2.93393    1.35796
        1360    2.94377    1.36391
        1380    2.95361    1.36986
        1400    2.96345    1.3758
        1420    2.97329    1.38175
        1440    2.98313    1.3877
        1460    2.99297    1.39365
        1480    3.00281    1.3996
        1500    3.01265    1.40554
        1520    3.02249    1.41149
        1540    3.03233    1.41744
        1560    3.04217    1.42339
        1580    3.05201    1.42934
        1600    3.06185    1.43529
        1620    3.07169    1.44123
        1640    3.08153    1.44718
        1660    3.09137    1.45313
        1680    3.10121    1.45908
        1700    3.11105    1.46503
        1720    3.12089    1.47098
        1740    3.13073    1.47692
        1760    3.14057    1.48287
        1780    3.15041    1.48882
        1800    3.16025    1.49477
        1820    3.17009    1.50072
        1840    3.17993    1.50667
        1860    3.18977    1.51261
        1880    3.19961    1.51856
        1900    3.20945    1.52451
        1920    3.21929    1.53046
        1940    3.22913    1.53641
        1960    3.23897    1.54236
        1980    3.24881    1.5483
        2000    3.25865    1.55425
        2020    3.26849    1.5602
        2040    4.28223    2.17301
        2060    4.29539    2.18096
        2080    4.30855    2.18892
        2100    4.32171    2.19687
        2120    4.33487    2.20483
        2140    4.34803    2.21278
        2160    4.36119    2.22074
        2180    4.37435    2.22869
        2200    4.38751    2.23665
        2220    4.40067    2.2446
        2240    4.41383    2.25256
        2260    4.42699    2.26051
        2280    4.44015    2.26847
        2300    4.45331    2.27643
        2320    4.46647    2.28438
        2340    4.47963    2.29234
        2360    4.49279    2.30029
        2380    4.50595    2.30825
        2400    4.51911    2.3162
        2420    4.53227    2.32416
        2440    4.54543    2.33211
        2460    4.55859    2.34007
        2480    4.57175    2.34802
        2500    4.58491    2.35598
        2520    4.59807    2.36393
        2540    4.61123    2.37189
        2560    4.62439    2.37984
        2580    4.63755    2.3878
        2600    4.65071    2.39575
        2620    4.66387    2.40371
        2640    4.67703    2.41166
        2660    4.69019    2.41962
        2680    4.70335    2.42757
        2700    4.71651    2.43553
        2720    4.72967    2.44349
        2740    4.74283    2.45144
        2760    4.75599    2.4594
        2780    4.76915    2.46735
        2800    4.78231    2.47531
        2820    4.79547    2.48326
        2840    4.80863    2.49122
        2860    4.82179    2.49917
        2880    4.83495    2.50713
        2900    4.03956    2.02631
        2920    4.05012    2.0327
        2940    4.06068    2.03908
        2960    4.07124    2.04546
        2980    4.0818    2.05185
        3000    4.09236    2.05823
        3020    4.10292    2.06461
        3040    4.11348    2.071
        3060    4.12404    2.07738
        3080    4.1346    2.08376
        3100    4.14516    2.09015
        3120    4.15572    2.09653
        3140    4.16628    2.10292
        3160    4.17684    2.1093
        3180    4.1874    2.11568
        3200    4.19796    2.12207
        3220    4.20852    2.12845
        3240    4.21908    2.13483
        3260    4.22964    2.14122
        3280    4.2402    2.1476
        3300    4.25076    2.15398
        3320    4.26132    2.16037
        3340    4.27188    2.16675
        3360    4.28244    2.17313
        3380    4.293    2.17952
        3400    4.30356    2.1859
        3420    4.31412    2.19228
        3440    4.32468    2.19867
        3460    4.33524    2.20505
        3480    4.3458    2.21144
        3500    4.35636    2.21782
        3520    4.36692    2.2242
        3540    4.37748    2.23059
        3560    4.38804    2.23697
        3580    4.3986    2.24335
        3600    4.40916    2.24974
        3620    4.41972    2.25612
        3640    4.43028    2.2625
        3660    4.44084    2.26889
        3680    4.4514    2.27527
        3700    4.46196    2.28165
        3720    4.47252    2.28804
        3740    4.48308    2.29442
        3760    4.87127    2.52908
        3780    4.87851    2.53346
        3800    4.88575    2.53784
        3820    4.89299    2.54221
        3840    4.90023    2.54659
        3860    4.90747    2.55097
        3880    4.91471    2.55534
        3900    4.92195    2.55972
        3920    4.92919    2.56409
        3940    4.93643    2.56847
        3960    4.94367    2.57285
        3980    4.95091    2.57722
        4000    4.7379    2.44846
        4020    4.74514    2.45284
        4040    4.75238    2.45721
        4060    4.75962    2.46159
        4080    4.76686    2.46597
        4100    4.7741    2.47034
        4120    4.78134    2.47472
        4140    4.78858    2.4791
        4160    4.79582    2.48347
        4180    4.80306    2.48785
        4200    4.8103    2.49223
        4220    4.81754    2.4966
        4240    4.82478    2.50098
        4260    4.83202    2.50536
        4280    4.83926    2.50973
        4300    4.8465    2.51411
        4320    4.85374    2.51849
        4340    4.86098    2.52286
        4360    4.65061    2.96378
        4380    4.65607    2.96907
        4400    4.66153    2.97437
        4420    4.66699    2.97966
        4440    4.67245    2.98496
        4460    4.67791    2.99026
        4480    4.68337    2.99555
        4500    4.68883    3.00085
        4520    4.69429    3.00615
        4540    4.69975    3.01144
        4560    4.70521    3.01674
        4580    4.71067    3.02203
        4600    4.71613    3.02733
        4620    4.72159    3.03263
        4640    4.72705    3.03792
        4660    4.73251    3.04322
        4680    4.73797    3.04851
        4700    4.74343    3.05381
        4720    4.74889    3.05911
        4740    4.75435    3.0644
        4760    4.75981    3.0697
        4780    4.76527    3.075
        4800    4.77073    3.08029
        4820    4.77619    3.08559
        4840    4.78165    3.09088
        4860    4.78711    3.09618
        4880    4.79257    3.10148
        4900    4.79803    3.10677
        4920    4.80349    3.11207
        4940    4.80895    3.11737
        4960    4.81441    3.12266
        4980    4.81987    3.12796
        5000    4.82533    3.13325
        5020    4.83079    3.13855
        5040    4.83625    3.14385
        5060    4.84171    3.14914
        5080    4.84717    3.15444
        5100    4.85263    3.15974
        5120    4.85809    3.16503
        5140    4.86355    3.17033
        5160    4.86901    3.17562
        5180    4.87447    3.18092
        5200    4.87993    3.18622
        5220    4.88539    3.19151
        5240    4.89085    3.19681
        5260    4.89631    3.2021
        5280    4.90177    3.2074
        5300    4.90723    3.2127
        5320    4.91269    3.21799
        5340    4.91815    3.22329
        5360    4.92361    3.22859
        5380    5.076    2.9341
        5400    5.08    2.93642
        5420    5.084    2.93873
        5440    5.088    2.94104
        5460    5.092    2.94335
        5480    5.096    2.94566
        5500    5.1    2.94798
        5520    5.104    2.95029
        5540    5.108    2.9526
        5560    5.112    2.95491
        5580    5.116    2.95723
        5600    5.12    2.95954
        5620    5.124    2.96185
        5640    5.128    2.96416
        5660    5.132    2.96647
        5680    5.136    2.96879
        5700    5.14    2.9711
        5720    5.144    2.97341
        5740    5.148    2.97572
        5760    5.152    2.97803
        5780    5.156    2.98035
        5800    5.16    2.98266
        5820    5.164    2.98497
        5840    5.168    2.98728
        5860    5.172    2.9896
        5880    5.176    2.99191
        5900    5.18    2.99422
        5920    5.184    2.99653
        5940    5.188    2.99884
        5960    5.192    3.00116
        5980    5.196    3.00347
        6000    6.16    3.56069
        6020    6.1602    3.56081
        6040    6.1604    3.56092
        6060    6.1606    3.56104
        6080    6.1608    3.56116
        6100    6.161    3.56127
        6120    6.1612    3.56139
        6140    6.1614    3.5615
        6160    6.1616    3.56162
        6180    6.1618    3.56173
        6200    6.162    3.56185
        6220    6.1622    3.56197
        6240    6.1624    3.56208
        6260    6.1626    3.5622
        6280    6.1628    3.56231
        6300    6.163    3.56243
        6320    6.1632    3.56254
        6340    6.1634    3.56266
        6360    6.1636    3.56277
        6380    6.1638    3.56289
        6400    6.164    3.56301
        6420    6.1642    3.56312
        6440    6.1644    3.56324
        6460    6.1646    3.56335
        6480    6.1648    3.56347
        6500    6.165    3.56358
        6520    6.1652    3.5637
        6540    6.1654    3.56382
        6560    6.1656    3.56393
        6580    6.1658    3.56405
        6600    6.166    3.56416
        6620    6.1662    3.56428
        6640    6.1664    3.56439
        6660    6.1666    3.56451
        6680    6.1668    3.56462
        6700    6.167    3.56474
        6720    6.1672    3.56486
        6740    6.1674    3.56497
        6760    6.1676    3.56509
        6780    6.1678    3.5652
        6800    6.168    3.56532
        6820    6.1682    3.56543
        6840    6.1684    3.56555
        6860    6.1686    3.56566
        6880    6.1688    3.56578
        6900    6.169    3.5659
        6920    6.1692    3.56601
        6940    6.1694    3.56613
        6960    6.1696    3.56624
        6980    6.1698    3.56636
        7000    6.17    3.56647
        7020    6.1702    3.56659
        7040    6.1704    3.56671
        7060    6.1706    3.56682
        7080    6.1708    3.56694
        7100    6.171    3.56705
        7120    6.1712    3.56717
        7140    6.1714    3.56728
        7160    6.1716    3.5674
        7180    6.1718    3.56751
        7200    6.172    3.56763
        7220    6.1722    3.56775
        7240    6.1724    3.56786
        7260    6.1726    3.56798
        7280    6.1728    3.56809
        7300    6.173    3.56821
        7320    6.1732    3.56832
        7340    6.1734    3.56844
        7360    6.1736    3.56855
        7380    6.1738    3.56867
        7400    6.174    3.56879
        7420    6.1742    3.5689
        7440    6.1744    3.56902
        7460    6.1746    3.56913
        7480    6.1748    3.56925
        7500    6.175    3.56936
        7520    6.1752    3.56948
        7540    6.1754    3.5696
        7560    6.1756    3.56971
        7580    6.1758    3.56983
        7600    6.176    3.56994
        7620    6.1762    3.57006
        7640    6.1764    3.57017
        7660    6.1766    3.57029
        7680    6.1768    3.5704
        7700    6.177    3.57052
        7720    6.1772    3.57064
        7740    6.1774    3.57075
        7760    6.1776    3.57087
        7780    6.1778    3.57098
        7800    6.178    3.5711
        7820    6.1782    3.57121
        7840    6.1784    3.57133
        7860    6.1786    3.57145
        7880    6.1788    3.57156
        7900    6.179    3.57168
        7920    6.1792    3.57179
        7940    6.1794    3.57191
        7960    6.1796    3.57202
        7980    6.1798    3.57214
        8000    6.18    3.57225
        8020    6.1802    3.57237
        8040    6.1804    3.57249
        8060    6.1806    3.5726
        8080    6.1808    3.57272
        8100    6.181    3.57283
        8120    6.1812    3.57295
        8140    6.1814    3.57306
        8160    6.1816    3.57318
        8180    6.1818    3.57329
        8200    6.182    3.57341
        8220    6.1822    3.57353
        8240    6.1824    3.57364
        8260    6.1826    3.57376
        8280    6.1828    3.57387
        8300    6.183    3.57399
        8320    6.1832    3.5741
        8340    6.1834    3.57422
        8360    6.1836    3.57434
        8380    6.1838    3.57445
        8400    6.184    3.57457
        8420    6.1842    3.57468
        8440    6.1844    3.5748
        8460    6.1846    3.57491
        8480    6.1848    3.57503
        8500    6.185    3.57514
        8520    6.1852    3.57526
        8540    6.1854    3.57538
        8560    6.1856    3.57549
        8580    6.1858    3.57561
        8600    6.186    3.57572
        8620    6.1862    3.57584
        8640    6.1864    3.57595
        8660    6.1866    3.57607
        8680    6.1868    3.57618
        8700    6.187    3.5763
        8720    6.1872    3.57642
        8740    6.1874    3.57653
        8760    6.1876    3.57665
        8780    6.1878    3.57676
        8800    6.188    3.57688
        8820    6.1882    3.57699
        8840    6.1884    3.57711
        8860    6.1886    3.57723
        8880    6.1888    3.57734
        8900    6.189    3.57746
        8920    6.1892    3.57757
        8940    6.1894    3.57769
        8960    6.1896    3.5778
        8980    6.1898    3.57792
        9000    6.19    3.57803
        9020    6.1902    3.57815
        9040    6.1904    3.57827
        9060    6.1906    3.57838
        9080    6.1908    3.5785
        9100    6.191    3.57861
        9120    6.1912    3.57873
        9140    6.1914    3.57884
        9160    6.1916    3.57896
        9180    6.1918    3.57908
        9200    6.192    3.57919
        9220    6.1922    3.57931
        9240    6.1924    3.57942
        9260    6.1926    3.57954
        9280    6.1928    3.57965
        9300    6.193    3.57977
        9320    6.1932    3.57988
        9340    6.1934    3.58
        9360    6.1936    3.58012
        9380    6.1938    3.58023
        9400    6.194    3.58035
        9420    6.1942    3.58046
        9440    6.1944    3.58058
        9460    6.1946    3.58069
        9480    6.1948    3.58081
        9500    6.195    3.58092
        9520    6.1952    3.58104
        9540    6.1954    3.58116
        9560    6.1956    3.58127
        9580    6.1958    3.58139
        9600    6.196    3.5815
        9620    6.1962    3.58162
        9640    6.1964    3.58173
        9660    6.1966    3.58185
        9680    6.1968    3.58197
        9700    6.197    3.58208
        9720    6.1972    3.5822
        9740    6.1974    3.58231
        9760    6.1976    3.58243
        9780    6.1978    3.58254
        9800    6.198    3.58266
        9820    6.1982    3.58277
        9840    6.1984    3.58289
        9860    6.1986    3.58301
        9880    6.1988    3.58312
        9900    6.199    3.58324
        9920    6.1992    3.58335
        9940    6.1994    3.58347
        9960    6.1996    3.58358
        9980    6.1998    3.5837
        10000    6.2    3.58382
        10020    6.2002    3.58393
        10040    6.2004    3.58405
        10060    6.2006    3.58416
        10080    6.2008    3.58428
        10100    6.201    3.58439
        10120    6.2012    3.58451
        10140    6.2014    3.58462
        10160    6.2016    3.58474
        10180    6.2018    3.58486
        10200    6.202    3.58497
        10220    6.2022    3.58509
        10240    6.2024    3.5852
        10260    6.2026    3.58532
        10280    6.2028    3.58543
        10300    6.203    3.58555
        10320    6.2032    3.58566
        10340    6.2034    3.58578
        10360    6.2036    3.5859
        10380    6.2038    3.58601
        10400    6.204    3.58613
        10420    6.2042    3.58624
        10440    6.2044    3.58636
        10460    6.2046    3.58647
        10480    6.2048    3.58659
        10500    6.205    3.58671
        10520    6.2052    3.58682
        10540    6.2054    3.58694
        10560    6.2056    3.58705
        10580    6.2058    3.58717
        10600    6.206    3.58728
        10620    6.2062    3.5874
        10640    6.2064    3.58751
        10660    6.2066    3.58763
        10680    6.2068    3.58775
        10700    6.207    3.58786
        10720    6.2072    3.58798
        10740    6.2074    3.58809
        10760    6.2076    3.58821
        10780    6.2078    3.58832
        10800    6.208    3.58844
        10820    6.2082    3.58855
        10840    6.2084    3.58867
        10860    6.2086    3.58879
        10880    6.2088    3.5889
        10900    6.209    3.58902
        10920    6.2092    3.58913
        10940    6.2094    3.58925
        10960    6.2096    3.58936
        10980    6.2098    3.58948
        11000    6.21    3.5896
        11020    6.2102    3.58971
        11040    6.2104    3.58983
        11060    6.2106    3.58994
        11080    6.2108    3.59006
        11100    6.211    3.59017
        11120    6.2112    3.59029
        11140    6.2114    3.5904
        11160    6.2116    3.59052
        11180    6.2118    3.59064
        11200    6.212    3.59075
        11220    6.2122    3.59087
        11240    6.2124    3.59098
        11260    6.2126    3.5911
        11280    6.2128    3.59121
        11300    6.213    3.59133
        11320    6.2132    3.59145
        11340    6.2134    3.59156
        11360    6.2136    3.59168
        11380    6.2138    3.59179
        11400    6.214    3.59191
        11420    6.2142    3.59202
        11440    6.2144    3.59214
        11460    6.2146    3.59225
        11480    6.2148    3.59237
        11500    6.215    3.59249
        11520    6.2152    3.5926
        11540    6.2154    3.59272
        11560    6.2156    3.59283
        11580    6.2158    3.59295
        11600    6.216    3.59306
        11620    6.2162    3.59318
        11640    6.2164    3.59329
        11660    6.2166    3.59341
        11680    6.2168    3.59353
        11700    6.217    3.59364
        11720    6.2172    3.59376
        11740    6.2174    3.59387
        11760    6.2176    3.59399
        11780    6.2178    3.5941
        11800    6.218    3.59422
        11820    6.2182    3.59434
        11840    6.2184    3.59445
        11860    6.2186    3.59457
        11880    6.2188    3.59468
        11900    6.219    3.5948
        11920    6.2192    3.59491
        11940    6.2194    3.59503
        11960    6.2196    3.59514
        11980    6.2198    3.59526
        12000    6.42    3.71098
        12020    6.4202    3.7111
        12040    6.4204    3.71121
        12060    6.4206    3.71133
        12080    6.4208    3.71145
        12100    6.421    3.71156
        12120    6.4212    3.71168
        12140    6.4214    3.71179
        12160    6.4216    3.71191
        12180    6.4218    3.71202
        12200    6.422    3.71214
        12220    6.4222    3.71225
        12240    6.4224    3.71237
        12260    6.4226    3.71249
        12280    6.4228    3.7126
        12300    6.423    3.71272
        12320    6.4232    3.71283
        12340    6.4234    3.71295
        12360    6.4236    3.71306
        12380    6.4238    3.71318
        12400    6.424    3.71329
        12420    6.4242    3.71341
        12440    6.4244    3.71353
        12460    6.4246    3.71364
        12480    6.4248    3.71376
        12500    6.425    3.71387
        12520    6.4252    3.71399
        12540    6.4254    3.7141
        12560    6.4256    3.71422
        12580    6.4258    3.71434
        12600    6.426    3.71445
        12620    6.4262    3.71457
        12640    6.4264    3.71468
        12660    6.4266    3.7148
        12680    6.4268    3.71491
        12700    6.427    3.71503
        12720    6.4272    3.71514
        12740    6.4274    3.71526
        12760    6.4276    3.71538
        12780    6.4278    3.71549
        12800    6.428    3.71561
        12820    6.4282    3.71572
        12840    6.4284    3.71584
        12860    6.4286    3.71595
        12880    6.4288    3.71607
        12900    6.429    3.71618
        12920    6.4292    3.7163
        12940    6.4294    3.71642
        12960    6.4296    3.71653
        12980    6.4298    3.71665
        13000    6.43    3.71676
        13020    6.4302    3.71688
        13040    6.4304    3.71699
        13060    6.4306    3.71711
        13080    6.4308    3.71723
        13100    6.431    3.71734
        13120    6.4312    3.71746
        13140    6.4314    3.71757
        13160    6.4316    3.71769
        13180    6.4318    3.7178
        13200    6.432    3.71792
        13220    6.4322    3.71803
        13240    6.4324    3.71815
        13260    6.4326    3.71827
        13280    6.4328    3.71838
        13300    6.433    3.7185
        13320    6.4332    3.71861
        13340    6.4334    3.71873
        13360    6.4336    3.71884
        13380    6.4338    3.71896
        13400    6.434    3.71908
        13420    6.4342    3.71919
        13440    6.4344    3.71931
        13460    6.4346    3.71942
        13480    6.4348    3.71954
        13500    6.435    3.71965
        13520    6.4352    3.71977
        13540    6.4354    3.71988
        13560    6.4356    3.72
        13580    6.4358    3.72012
        13600    6.436    3.72023
        13620    6.4362    3.72035
        13640    6.4364    3.72046
        13660    6.4366    3.72058
        13680    6.4368    3.72069
        13700    6.437    3.72081
        13720    6.4372    3.72092
        13740    6.4374    3.72104
        13760    6.4376    3.72116
        13780    6.4378    3.72127
        13800    6.438    3.72139
        13820    6.4382    3.7215
        13840    6.4384    3.72162
        13860    6.4386    3.72173
        13880    6.4388    3.72185
        13900    6.439    3.72197
        13920    6.4392    3.72208
        13940    6.4394    3.7222
        13960    6.4396    3.72231
        13980    6.4398    3.72243
        14000    6.44    3.72254
        14020    6.4402    3.72266
        14040    6.4404    3.72277
        14060    6.4406    3.72289
        14080    6.4408    3.72301
        14100    6.441    3.72312
        14120    6.4412    3.72324
        14140    6.4414    3.72335
        14160    6.4416    3.72347
        14180    6.4418    3.72358
        14200    6.442    3.7237
        14220    6.4422    3.72382
        14240    6.4424    3.72393
        14260    6.4426    3.72405
        14280    6.4428    3.72416
        14300    6.443    3.72428
        14320    6.4432    3.72439
        14340    6.4434    3.72451
        14360    6.4436    3.72462
        14380    6.4438    3.72474
        14400    6.444    3.72486
        14420    6.4442    3.72497
        14440    6.4444    3.72509
        14460    6.4446    3.7252
        14480    6.4448    3.72532
        14500    6.445    3.72543
        14520    6.4452    3.72555
        14540    6.4454    3.72566
        14560    6.4456    3.72578
        14580    6.4458    3.7259
        14600    6.446    3.72601
        14620    6.4462    3.72613
        14640    6.4464    3.72624
        14660    6.4466    3.72636
        14680    6.4468    3.72647
        14700    6.447    3.72659
        14720    6.4472    3.72671
        14740    6.4474    3.72682
        14760    6.4476    3.72694
        14780    6.4478    3.72705
        14800    6.448    3.72717
        14820    6.4482    3.72728
        14840    6.4484    3.7274
        14860    6.4486    3.72751
        14880    6.4488    3.72763
        14900    6.449    3.72775
        14920    6.4492    3.72786
        14940    6.4494    3.72798
        14960    6.4496    3.72809
        14980    6.4498    3.72821
        15000    6.45    3.72832
        15020    6.4502    3.72844
        15040    6.4504    3.72855
        15060    6.4506    3.72867
        15080    6.4508    3.72879
        15100    6.451    3.7289
        15120    6.4512    3.72902
        15140    6.4514    3.72913
        15160    6.4516    3.72925
        15180    6.4518    3.72936
        15200    6.452    3.72948
        15220    6.4522    3.7296
        15240    6.4524    3.72971
        15260    6.4526    3.72983
        15280    6.4528    3.72994
        15300    6.453    3.73006
        15320    6.4532    3.73017
        15340    6.4534    3.73029
        15360    6.4536    3.7304
        15380    6.4538    3.73052
        15400    6.454    3.73064
        15420    6.4542    3.73075
        15440    6.4544    3.73087
        15460    6.4546    3.73098
        15480    6.4548    3.7311
        15500    6.455    3.73121
        15520    6.4552    3.73133
        15540    6.4554    3.73145
        15560    6.4556    3.73156
        15580    6.4558    3.73168
        15600    6.456    3.73179
        15620    6.4562    3.73191
        15640    6.4564    3.73202
        15660    6.4566    3.73214
        15680    6.4568    3.73225
        15700    6.457    3.73237
        15720    6.4572    3.73249
        15740    6.4574    3.7326
        15760    6.4576    3.73272
        15780    6.4578    3.73283
        15800    6.458    3.73295
        15820    6.4582    3.73306
        15840    6.4584    3.73318
        15860    6.4586    3.73329
        15880    6.4588    3.73341
        15900    6.459    3.73353
        15920    6.4592    3.73364
        15940    6.4594    3.73376
        15960    6.4596    3.73387
        15980    6.4598    3.73399
        16000    6.46    3.7341
        16020    6.4602    3.73422
        16040    6.4604    3.73434
        16060    6.4606    3.73445
        16080    6.4608    3.73457
        16100    6.461    3.73468
        16120    6.4612    3.7348
        16140    6.4614    3.73491
        16160    6.4616    3.73503
        16180    6.4618    3.73514
        16200    6.462    3.73526
        16220    6.4622    3.73538
        16240    6.4624    3.73549
        16260    6.4626    3.73561
        16280    6.4628    3.73572
        16300    6.463    3.73584
        16320    6.4632    3.73595
        16340    6.4634    3.73607
        16360    6.4636    3.73618
        16380    6.4638    3.7363
        16400    6.464    3.73642
        16420    6.4642    3.73653
        16440    6.4644    3.73665
        16460    6.4646    3.73676
        16480    6.4648    3.73688
        16500    6.465    3.73699
        16520    6.4652    3.73711
        16540    6.4654    3.73723
        16560    6.4656    3.73734
        16580    6.4658    3.73746
        16600    6.466    3.73757
        16620    6.4662    3.73769
        16640    6.4664    3.7378
        16660    6.4666    3.73792
        16680    6.4668    3.73803
        16700    6.467    3.73815
        16720    6.4672    3.73827
        16740    6.4674    3.73838
        16760    6.4676    3.7385
        16780    6.4678    3.73861
        16800    6.468    3.73873
        16820    6.4682    3.73884
        16840    6.4684    3.73896
        16860    6.4686    3.73908
        16880    6.4688    3.73919
        16900    6.469    3.73931
        16920    6.4692    3.73942
        16940    6.4694    3.73954
        16960    6.4696    3.73965
        16980    6.4698    3.73977
        17000    6.47    3.73988
        17020    6.4702    3.74
        17040    6.4704    3.74012
        17060    6.4706    3.74023
        17080    6.4708    3.74035
        17100    6.471    3.74046
        17120    6.4712    3.74058
        17140    6.4714    3.74069
        17160    6.4716    3.74081
        17180    6.4718    3.74092
        17200    6.472    3.74104
        17220    6.4722    3.74116
        17240    6.4724    3.74127
        17260    6.4726    3.74139
        17280    6.4728    3.7415
        17300    6.473    3.74162
        17320    6.4732    3.74173
        17340    6.4734    3.74185
        17360    6.4736    3.74197
        17380    6.4738    3.74208
        17400    6.474    3.7422
        17420    6.4742    3.74231
        17440    6.4744    3.74243
        17460    6.4746    3.74254
        17480    6.4748    3.74266
        17500    6.475    3.74277
        17520    6.4752    3.74289
        17540    6.4754    3.74301
        17560    6.4756    3.74312
        17580    6.4758    3.74324
        17600    6.476    3.74335
        17620    6.4762    3.74347
        17640    6.4764    3.74358
        17660    6.4766    3.7437
        17680    6.4768    3.74382
        17700    6.477    3.74393
        17720    6.4772    3.74405
        17740    6.4774    3.74416
        17760    6.4776    3.74428
        17780    6.4778    3.74439
        17800    6.478    3.74451
        17820    6.4782    3.74462
        17840    6.4784    3.74474
        17860    6.4786    3.74486
        17880    6.4788    3.74497
        17900    6.479    3.74509
        17920    6.4792    3.7452
        17940    6.4794    3.74532
        17960    6.4796    3.74543
        17980    6.4798    3.74555
        18000    6.48    3.74566
        18020    6.4802    3.74578
        18040    6.4804    3.7459
        18060    6.4806    3.74601
        18080    6.4808    3.74613
        18100    6.481    3.74624
        18120    6.4812    3.74636
        18140    6.4814    3.74647
        18160    6.4816    3.74659
        18180    6.4818    3.74671
        18200    6.482    3.74682
        18220    6.4822    3.74694
        18240    6.4824    3.74705
        18260    6.4826    3.74717
        18280    6.4828    3.74728
        18300    6.483    3.7474
        18320    6.4832    3.74751
        18340    6.4834    3.74763
        18360    6.4836    3.74775
        18380    6.4838    3.74786
        18400    6.484    3.74798
        18420    6.4842    3.74809
        18440    6.4844    3.74821
        18460    6.4846    3.74832
        18480    6.4848    3.74844
        18500    6.485    3.74855
        18520    6.4852    3.74867
        18540    6.4854    3.74879
        18560    6.4856    3.7489
        18580    6.4858    3.74902
        18600    6.486    3.74913
        18620    6.4862    3.74925
        18640    6.4864    3.74936
        18660    6.4866    3.74948
        18680    6.4868    3.7496
        18700    6.487    3.74971
        18720    6.4872    3.74983
        18740    6.4874    3.74994
        18760    6.4876    3.75006
        18780    6.4878    3.75017
        18800    6.488    3.75029
        18820    6.4882    3.7504
        18840    6.4884    3.75052
        18860    6.4886    3.75064
        18880    6.4888    3.75075
        18900    6.489    3.75087
        18920    6.4892    3.75098
        18940    6.4894    3.7511
        18960    6.4896    3.75121
        18980    6.4898    3.75133
        19000    6.49    3.75145
        19020    6.4902    3.75156
        19040    6.4904    3.75168
        19060    6.4906    3.75179
        19080    6.4908    3.75191
        19100    6.491    3.75202
        19120    6.4912    3.75214
        19140    6.4914    3.75225
        19160    6.4916    3.75237
        19180    6.4918    3.75249
        19200    6.492    3.7526
        19220    6.4922    3.75272
        19240    6.4924    3.75283
        19260    6.4926    3.75295
        19280    6.4928    3.75306
        19300    6.493    3.75318
        19320    6.4932    3.75329
        19340    6.4934    3.75341
        19360    6.4936    3.75353
        19380    6.4938    3.75364
        19400    6.494    3.75376
        19420    6.4942    3.75387
        19440    6.4944    3.75399
        19460    6.4946    3.7541
        19480    6.4948    3.75422
        19500    6.495    3.75434
        19520    6.4952    3.75445
        19540    6.4954    3.75457
        19560    6.4956    3.75468
        19580    6.4958    3.7548
        19600    6.496    3.75491
        19620    6.4962    3.75503
        19640    6.4964    3.75514
        19660    6.4966    3.75526
        19680    6.4968    3.75538
        19700    6.497    3.75549
        19720    6.4972    3.75561
        19740    6.4974    3.75572
        19760    6.4976    3.75584
        19780    6.4978    3.75595
        19800    6.498    3.75607
        19820    6.4982    3.75618
        19840    6.4984    3.7563
        19860    6.4986    3.75642
        19880    6.4988    3.75653
        19900    6.499    3.75665
        19920    6.4992    3.75676
        19940    6.4994    3.75688
        19960    6.4996    3.75699
        19980    6.4998    3.75711
        20000    6.5    3.75723
        0.0000    1.7420    0.3499    2.0390     50.     10.
        0.0500    1.7673    0.3845    2.0385     50.     10.
sample_rate: 25.0
component_scheme: elastic10
tabulated_phases:
- !pf.TPDef
  id: begin
  definition: '10.0'
- !pf.TPDef
  id: end
  definition: '1.0'
- !pf.TPDef
  id: anyP
  definition: P,p
- !pf.TPDef
  id: anyS
  definition: S,s
- !pf.TPDef
  id: P
  definition: P
- !pf.TPDef
  id: S
  definition: S
- !pf.TPDef
  id: p
  definition: p
- !pf.TPDef
  id: s
  definition: s
ncomponents: 10
receiver_depth: 0.0
source_depth_min: 1500.0
source_depth_max: 4500.0
source_depth_delta: 100.0
distance_min: 0.0
distance_max: 5000.0
distance_delta: 25.0
